1609	1622
2471	2479
2463	2471
2443	2448
1417	1491
4961	4962
3150	3156
1629	1633
2234	2249
2159	2162
2154	2159
2148	2150
1312	1317
1692	1700
293	299
3806	3807
3521	3528
3515	3521
3833	3845
3857	3874
3848	3851
3833	3848
472	475
3202	3203
0	2
2	5
5	7
7	11
11	37
0	1
1	3
3	4
4	6
5679	5681
2702	2703
1671	4959
4276	4278
2462	2473
5676	5677
1261	1266
126	128
239	270
238	239
237	238
236	237
184	236
129	184
126	129
125	126
123	125
121	123
118	121
118	119
448	469
379	448
354	355
355	356
356	357
357	379
469	590
138	590
124	138
120	124
119	120
119	122
122	127
127	201
201	480
477	480
475	477
472	473
355	375
473	474
474	476
476	478
478	479
479	491
491	535
535	591
270	591
270	309
309	592
592	593
593	631
631	710
710	711
78	828
66	78
66	82
82	713
711	713
711	712
712	714
714	731
731	803
803	831
829	831
829	830
830	833
833	841
833	839
833	947
947	948
948	949
949	953
949	951
3331	3333
358	366
366	393
393	1066
1065	1066
953	1065
355	358
6062	6068
6055	6062
6051	6055
6042	6051
6033	6042
6021	6033
575	4002
5751	5752
12	14
6	8
1067	1070
701	1067
698	1067
1067	1068
8	10
1185	1187
1185	1186
1185	1188
1185	1197
10	12
625	634
625	626
625	639
618	625
12	16
1303	1309
1303	1305
1303	1307
1303	1304
6	9
1421	1425
1421	1423
1421	1422
1421	1426
935	4978
935	5637
902	935
935	5639
1539	1544
1539	1542
1539	1540
1539	1545
16	20
1557	1562
1287	1557
1294	1557
1557	1558
20	25
1675	1679
1675	1678
1675	1676
1675	1677
1793	1797
1793	1795
1793	1794
1793	1801
25	32
1911	1914
1911	1913
1911	1912
1911	1918
723	734
1867	1908
1867	1886
1849	1867
1867	1891
5349	5363
2029	2033
2029	2032
2029	2031
2029	2030
5345	5349
2147	2149
2147	2155
2147	2148
2147	2151
2815	4363
2226	2241
2226	2248
2213	2226
2196	2226
4716	4717
2265	2270
2265	2272
2265	2266
2265	2267
941	4717
2383	2386
2383	2384
2383	2385
2383	2387
1587	1588
364	372
372	400
372	399
372	377
2480	2483
2501	2505
2501	2502
110	2501
2501	2503
2495	2497
1526	2665
1526	2661
1507	1526
1526	2651
1657	2500
1657	2495
810	2619
2619	2620
2620	2621
2621	2622
2623	2624
2624	2625
2624	2626
2627	2629
2627	2628
2626	2627
2628	2630
2628	2631
757	766
766	789
766	783
783	794
794	800
800	821
821	2633
2632	2633
2632	2634
2634	2635
2636	2637
804	2636
2636	2638
2638	2639
108	2641
2641	2642
2642	2644
2642	2643
2643	2645
2645	2648
115	2648
112	115
108	112
105	108
2650	2651
1523	1527
1527	2653
2653	2654
2654	2655
2655	2656
2656	2657
2657	2658
2658	2659
2659	2660
1523	2660
1517	1523
1507	1517
2661	2662
2661	2663
2662	2663
2663	2664
2666	2667
2667	2668
2668	2669
2668	2670
720	724
714	720
720	726
726	733
733	765
765	788
765	774
782	2683
782	2684
769	804
769	788
755	769
48	49
39	48
34	39
39	46
755	805
805	2639
2639	2640
18	23
16	18
14	18
32	44
1404	1417
1398	1404
1393	1398
1403	1405
1393	1403
1403	1415
736	755
51	52
43	52
40	42
42	45
40	43
28	43
24	28
28	35
2510	2514
2507	2510
2510	2516
2516	2517
2519	2523
2521	2523
2514	2521
2521	2532
1459	1465
1465	1467
1465	1507
2651	2652
66	74
74	80
74	92
92	104
104	2685
2685	2686
2686	2689
2689	2694
1510	2694
1496	1510
2695	2696
2695	2697
2695	2698
2698	2699
1537	2699
1530	1537
1530	1535
1522	1530
31	38
26	31
20	31
15	23
38	44
2504	2511
2502	2504
2504	2509
2509	2513
2513	2526
2511	2513
2539	2542
2538	2539
2539	2541
2541	2544
2544	2546
2546	2549
105	2549
96	105
74	96
29	41
29	34
22	29
22	36
19	22
19	30
15	19
14	15
1372	1387
1387	1393
1393	1400
1400	1405
1405	1500
1496	1500
57	60
55	57
53	55
51	53
49	51
47	49
2700	2701
2701	2702
810	2702
2517	2519
2519	2531
2526	2533
2526	2532
2511	2512
788	1415
774	813
813	2631
2631	2632
782	792
773	782
760	773
750	760
748	750
745	748
742	745
740	742
736	740
736	790
727	736
2514	2518
2507	2515
2503	2507
2644	2646
2644	2647
2647	2649
2646	2649
1415	1419
1419	2696
1535	2697
1522	2704
1520	1522
46	51
41	46
36	41
30	36
26	30
23	26
724	738
724	727
2704	2705
2703	2704
2517	2520
24	40
17	24
13	17
10	13
2680	2681
2681	2682
2617	2682
2612	2617
2606	2612
2597	2606
2591	2597
2584	2591
2573	2584
2564	2573
2558	2564
2551	2558
2547	2551
2542	2547
2537	2538
2535	2537
2534	2535
2533	2534
2515	2518
2515	2524
2522	2525
2525	2528
2528	2529
2529	2530
2527	2530
2522	2527
2512	2522
2505	2506
2506	2508
25	38
2691	2692
2690	2691
2691	2693
2692	2693
2688	2690
2687	2688
2686	2687
1490	1496
1496	1497
1497	1499
1499	1520
810	2524
790	810
35	47
34	35
2679	2680
2678	2679
2677	2678
2676	2677
2675	2676
2674	2675
2673	2674
2672	2673
2670	2672
2670	2671
9	21
21	27
27	33
33	66
80	89
89	110
2706	2708
2706	2707
364	384
360	364
2824	2827
2824	2825
2824	2826
444	2826
2826	2828
380	389
361	380
380	385
2796	2838
2838	2839
2838	2845
2897	2898
2898	2899
387	392
373	387
387	391
391	398
382	391
442	453
442	445
424	433
424	426
419	424
2839	2841
2841	2842
2842	2844
2844	2846
2846	2851
2851	2858
2858	2886
2858	2881
368	383
368	378
363	368
398	418
392	398
383	392
369	373
373	381
407	430
378	407
407	2781
2778	2781
418	2781
2852	2853
2853	2854
2854	2856
2856	2861
2861	2865
2865	2893
2886	2893
377	415
431	436
404	431
431	434
434	438
436	438
404	449
390	404
2913	2915
2913	2917
2913	2914
2914	2916
2915	2916
2917	2919
2917	2918
2919	2922
362	363
363	365
359	360
359	361
385	415
385	394
2847	2849
2845	2847
2845	2850
2850	2855
2850	2852
2839	2840
2840	2843
2843	2848
449	2848
386	390
390	395
2881	2884
465	2884
2884	2896
358	359
358	362
386	403
370	386
415	423
423	427
427	437
437	444
2828	2829
2829	2830
2830	2831
2831	2832
470	2923
445	470
426	442
412	419
396	412
384	412
2778	2809
381	382
382	396
2903	2905
2901	2903
2899	2901
2899	2900
2900	2902
2902	2904
2904	2906
2906	2908
2906	2907
374	383
367	369
369	374
2881	2895
422	465
395	422
362	370
365	367
2911	2912
2910	2911
2909	2910
2908	2909
449	2907
449	2918
422	2918
2836	2837
2835	2836
2834	2835
2833	2834
2827	2833
2920	2921
2919	2920
371	376
371	374
367	371
406	443
399	409
452	2924
2925	2926
2925	2927
2927	2931
1036	1050
1027	1036
1022	1027
1013	1022
973	974
974	1006
966	973
960	966
956	960
952	956
950	952
949	950
462	467
462	471
455	462
441	457
441	455
432	441
2753	2759
2753	2758
2748	2753
2758	2766
2758	2760
2792	2801
2777	2792
471	2792
2777	2786
2767	2777
3043	3044
3044	3046
3044	3045
3046	3048
3047	3049
3046	3047
3050	3051
3049	3050
3049	3052
2810	3056
2810	3045
2794	2810
3057	3058
3058	3059
2818	3058
3059	3060
3059	3061
2813	3065
2813	3063
2802	2813
3061	3062
3063	3064
2762	2776
2749	2762
2762	2768
2812	3066
3054	3055
3053	3054
391	410
410	417
417	464
464	468
464	3329
3067	3068
3180	3185
3173	3180
3180	3182
3182	3184
3184	3187
3186	3187
1060	3186
3186	3188
964	978
978	984
978	993
996	1005
991	996
987	996
981	987
975	979
979	981
979	990
981	990
990	992
990	1012
3002	3004
2988	3002
2988	2990
2985	2988
3189	3190
2994	3003
3003	3008
3008	3009
3009	3012
3003	3009
3138	3155
3138	3150
3134	3138
3155	3307
2775	2794
2768	2775
2775	2812
2794	2806
2806	2818
2818	3053
3052	3053
463	3052
446	463
418	428
3157	3161
3150	3157
3161	3176
3172	3176
3172	3308
3308	3309
3308	3310
1024	3310
1014	1024
1024	1025
2942	2944
2944	2947
2942	2955
2955	2961
2940	2961
3079	3085
3085	3088
3085	3103
2943	2965
2937	2943
2943	2949
2949	2951
2939	2949
3209	3210
3207	3209
3206	3207
3205	3206
3201	3205
3201	3202
3198	3201
2971	2973
2946	2971
2946	2953
2938	2946
3160	3166
3166	3169
3166	3171
3171	3174
3169	3174
3162	3177
3177	3311
3311	3312
1045	3312
1025	1045
1045	1064
2433	2438
2431	2433
2433	2444
3094	3100
3100	3102
3092	3100
3083	3092
3080	3083
3068	3069
3069	3075
3069	3072
3072	3079
3072	3076
3194	3197
3192	3194
3037	3194
2979	2983
2974	2979
2971	2974
2973	2976
1062	2976
1057	1062
1057	1058
3164	3167
466	3129
451	466
466	3175
2446	2456
2456	2465
2465	2957
2950	2957
2950	2956
3068	3070
3071	3074
3070	3071
3071	3073
3073	3077
3077	3078
3077	3081
1052	3313
1027	1052
1052	1061
3164	3175
3151	3164
3148	3151
2812	3148
3145	3148
432	446
428	432
3314	3317
3314	3315
3315	3316
3040	3317
3035	3040
2934	2937
2929	2934
2926	2929
2926	2930
2930	2933
2933	2938
2945	2948
2938	2945
2945	2954
2954	2964
1050	2457
1050	3449
1050	2964
3160	3162
3155	3160
3128	3136
3119	3128
3110	3119
3110	3124
3091	3110
963	964
953	963
971	972
972	986
986	991
1005	1014
3016	3029
3029	3035
2965	2989
2965	2981
2390	2393
2393	2394
2393	2404
2407	2411
2407	2411
2405	2407
2395	2405
2384	2389
2384	2395
2384	2400
2400	2410
3038	3152
3021	3038
3038	3321
3320	3321
3320	3322
3042	3322
3036	3042
3007	3036
2999	3007
2993	2999
2986	2993
2986	3010
2981	2986
3035	3105
3095	3105
3088	3095
3076	3087
435	3087
964	967
984	1051
2749	2760
2745	2748
2745	2767
2736	2745
3098	3107
3080	3098
3075	3080
2396	2398
2388	2396
2385	2388
2385	2391
2967	2977
2967	2991
2991	2994
2994	3014
3014	3018
3321	3323
3162	3172
409	450
406	409
388	406
388	408
384	388
3033	3036
3028	3033
2985	3028
2978	2985
1005	1023
1023	1042
3161	3165
3165	3173
1051	1060
1060	3309
397	401
396	397
3089	3104
3090	3104
3081	3090
3090	3093
988	998
973	988
988	1018
1018	1033
1006	1018
2932	2935
2935	2940
2940	2950
3019	3024
3024	3027
2990	3027
2984	2990
957	969
969	975
992	1002
998	1002
998	1001
2392	2394
2394	2406
2406	2414
2406	2416
967	971
957	967
952	957
1033	1046
1001	1033
1006	1013
2396	2402
2402	2408
2391	2402
2402	2412
2412	2417
2401	2412
3081	3089
3089	3096
3096	3114
3114	3120
3120	3122
3120	3126
3115	3129
3102	3129
3126	3130
3126	3147
3147	3149
2425	2426
2419	2425
2425	2435
2415	2419
2404	2415
2404	2413
2404	2416
1046	1049
1027	1046
2767	2778
2735	2736
2736	2739
446	460
458	460
447	458
439	447
428	439
1064	3324
3159	3324
3324	3325
3326	3327
2490	3327
2460	2490
2444	2460
2459	2460
2442	2459
2435	2442
2435	2445
3149	3152
2995	3021
2970	2995
2970	2978
2966	2970
3086	3099
3084	3086
3082	3084
3084	3101
3127	3141
3122	3127
3116	3122
3193	3198
3192	3193
3026	3037
3001	3026
2989	3001
2989	3005
3097	3118
3118	3121
3121	3125
3041	3125
3041	3132
3034	3041
2926	2928
2928	2942
2947	2948
2499	2947
2492	2499
2488	2492
2485	2488
2477	2485
2469	2477
2453	2469
2446	2453
2453	2457
401	405
405	416
416	429
429	3102
3093	3106
3106	3109
3109	3113
3039	3113
3034	3039
3017	3034
3010	3017
3010	3016
3005	3010
2458	2468
2451	2458
2445	2451
2445	2446
3117	3132
3108	3117
3097	3108
3088	3097
3153	3183
3143	3153
3140	3143
3124	3140
3079	3091
3021	3032
3030	3032
3020	3030
2998	3020
2983	2998
2389	2390
2390	2399
2399	2403
2395	2403
2403	2413
1048	1061
1038	1048
1013	1038
986	1019
3318	3319
3317	3318
3005	3023
3152	3158
3154	3158
3146	3154
3146	3159
3133	3146
2391	2397
3131	3142
3131	3135
468	3330
468	3179
3175	3179
461	3330
452	461
425	452
425	451
421	425
2960	2967
2951	2960
2931	2939
2931	2932
3094	3112
3078	3094
1026	1030
1030	1043
1041	1043
1039	1041
1035	1039
1031	1035
1029	1031
1011	1029
1011	1016
1007	1011
2982	2983
2982	2996
2996	3000
3000	3013
3013	3022
3022	3032
2397	2401
2397	2400
2410	2418
2418	2420
2414	2420
2416	2421
2421	2422
2422	2423
2423	2427
2427	2429
2429	2430
2426	2429
3199	3200
3196	3199
3195	3196
3192	3195
1055	1057
1055	1059
1049	1055
1001	1015
3061	3063
2794	2802
3137	3144
3137	3139
3135	3137
3016	3031
3025	3031
3023	3025
3001	3023
408	435
435	454
454	459
456	459
420	456
420	440
408	420
2981	2984
2966	2969
2969	2975
2975	2982
2983	2987
2987	2992
2953	2966
2419	2424
2467	2476
2444	2476
3190	3192
3190	3191
3078	3082
3101	3111
3111	3116
3111	3115
1061	2468
2468	2470
2457	2470
3331	3332
1051	3332
459	3075
1058	3449
1059	3450
3450	3451
1064	3451
3130	3133
413	421
401	413
2972	2980
2964	2972
3015	3019
3011	3015
3006	3011
2984	3006
2389	2392
2392	2409
2409	2410
3130	3134
1015	1025
973	997
1010	1017
993	1010
971	993
1016	1026
997	1007
2482	2486
2472	2482
2467	2472
2464	2467
2449	2464
2438	2449
2428	2431
2426	2428
2707	2716
2716	2724
2724	2729
2729	2735
2739	2743
2743	2749
3139	3145
3123	3131
3116	3123
2932	2936
2936	2941
2941	2952
2952	2958
2958	2962
2498	2962
2486	2498
2978	2997
2963	2968
2959	2963
2953	2959
2953	2974
3327	3328
2499	2948
3452	3454
227	3452
3452	3453
3453	3459
3459	3461
3570	3571
3570	3572
3570	3573
139	159
134	139
139	144
144	156
213	222
222	3692
222	3688
232	3688
3688	3689
128	134
193	215
190	193
3523	3526
3520	3526
3521	3523
3521	3522
3522	3525
3525	3531
3531	3532
3532	3537
3532	3534
3534	3542
3542	3548
3546	3548
3545	3546
3546	3557
3527	3529
3529	3538
3529	3535
3529	3541
3541	3549
3549	3568
3806	3808
2343	2350
2333	2343
2343	2345
2345	2352
2350	2352
2272	2278
2272	2280
3460	3463
3458	3460
3457	3458
3455	3457
3454	3455
3454	3456
3844	3859
3854	3866
3844	3854
3854	3867
3817	3819
3814	3817
191	199
199	211
211	226
226	3513
3510	3513
3513	3518
3511	3516
3516	3518
214	3518
205	214
191	205
185	191
180	185
173	180
167	173
164	167
159	164
159	162
162	194
194	227
194	3505
3502	3505
3499	3502
3497	3499
2307	2312
2312	2317
2317	2322
2322	2334
2334	2348
2348	2365
2365	3479
3690	3691
3689	3690
3689	3692
209	223
223	235
209	217
217	3849
3849	3853
3852	3853
3841	3852
3837	3841
228	3841
228	3924
220	3924
202	220
186	202
183	186
186	209
172	183
183	200
200	210
210	213
235	3692
3878	3884
3873	3878
3862	3873
3842	3862
3842	3850
3850	3863
348	3863
348	3829
341	348
3536	3539
3533	3539
3539	3551
3551	3563
3563	3925
3925	3926
3926	3927
3927	3928
3928	3929
3929	3930
3929	3931
3530	3543
3543	3555
3555	3901
3895	3901
3890	3895
3881	3890
3851	3881
3831	3846
3822	3831
3831	3842
3553	3561
3893	3897
3888	3893
3887	3888
3875	3887
3858	3875
3857	3858
3848	3857
2378	3485
3485	3487
3481	3485
3485	3494
3494	3503
3503	3511
3511	3519
3519	3527
3538	3553
3553	3892
3886	3892
3883	3886
3874	3883
3503	3510
215	3510
3822	3826
3816	3822
216	221
221	231
225	231
216	225
199	216
3867	3869
3869	3877
3564	3869
3541	3564
2273	2275
2275	2277
2275	2286
2278	2286
2278	2283
2283	2290
2280	2290
2290	2294
3537	3550
2368	2371
2364	2368
2368	2373
2371	2373
2355	2364
2347	2355
2353	2359
2359	2361
2361	2363
2363	2375
2375	3481
3473	3481
3471	3473
3470	3471
3468	3470
3466	3468
3465	3466
3464	3465
3456	3464
3490	3496
3489	3490
3486	3489
3484	3486
3482	3484
3482	3492
3478	3482
3482	3483
3477	3483
3469	3477
3467	3469
3465	3467
235	3861
3843	3861
3834	3843
209	3843
3838	3849
3836	3838
3827	3836
3561	3897
3874	3897
3621	3653
3606	3621
3603	3606
3597	3603
3592	3597
3589	3592
3585	3589
3582	3585
3578	3582
3580	3583
3554	3583
3963	3964
3964	3965
2382	3965
2381	2382
2362	2381
2339	2362
2330	2339
2321	2330
2307	2321
3826	3834
3834	3839
3830	3839
3826	3830
213	232
3813	3820
3820	3821
3820	3825
2313	2315
2315	2318
2318	2333
2333	2338
2338	3625
3606	3625
2271	2274
2274	2285
2285	2288
2288	2292
2292	2293
2293	2297
2297	2299
2299	2300
2300	2307
164	177
3811	3812
3807	3811
3811	3818
3504	3506
3501	3504
3493	3501
3491	3493
3488	3491
3480	3488
3479	3480
3475	3479
3472	3475
3896	3898
3892	3896
3898	3899
3535	3545
3535	3552
3552	3561
3557	3560
3558	3560
3556	3558
3550	3556
3550	3569
3946	3949
3554	3946
3942	3946
3940	3942
3937	3940
3935	3937
3476	3478
3474	3476
3472	3474
3462	3472
3456	3462
2374	3625
2354	2374
2341	2354
2331	2341
2327	2331
2326	2327
2324	2326
2305	2324
2324	2325
2325	2328
2328	2336
2336	2356
2356	2369
2376	2379
2367	2376
2366	2367
2351	2366
2351	2358
2347	2351
182	188
172	182
182	187
187	192
188	192
161	172
3508	3509
3507	3508
3509	3515
3528	3530
3530	3536
3530	3544
3544	3559
3559	3562
3562	3565
3565	3930
3931	3932
3932	3933
3933	3934
3934	3935
3586	3590
3567	3586
3533	3567
3533	3540
3524	3533
136	137
134	136
136	143
143	149
149	154
154	170
168	170
151	161
161	168
168	175
163	175
153	163
141	153
137	141
2269	2271
2268	2269
2266	2268
2267	2273
2277	2289
2289	2291
2291	2296
2296	2302
2302	2303
2303	2305
3557	3566
3566	3966
3558	3966
3827	3832
3832	3840
3840	3844
3568	3877
3568	3808
3967	3968
2329	3968
2323	2329
2308	2323
2301	2308
2295	2301
2287	2295
2281	2287
2274	2281
2271	2284
2280	2284
2294	2306
2306	2311
2311	2314
2314	2332
2332	2340
2340	2342
2342	2344
2344	2349
2349	2353
2361	2378
3487	3495
3495	3497
3497	3498
3498	3500
230	3500
208	230
190	208
3969	3970
3609	3970
3605	3609
3602	3605
3600	3602
3598	3600
3593	3598
3584	3593
3579	3584
3573	3579
3571	3573
3571	3575
3536	3551
3551	3554
3547	3554
3578	3580
3580	3581
3581	3586
2358	3590
2342	2347
3577	3578
3576	3577
3575	3576
3572	3574
3673	3687
3687	3949
3540	3547
3520	3524
3517	3520
3514	3517
3512	3514
3509	3512
3503	3507
162	190
3810	3813
3813	3814
3808	3814
3585	3587
3587	3588
3588	3591
3591	3595
2369	3595
2369	2379
3828	3836
3824	3828
3821	3824
3824	3827
2304	2310
2298	2304
2293	2298
2379	3590
2372	2380
2360	2372
2346	2360
2334	2346
2335	2337
2320	2335
2335	3971
3971	3972
3972	3973
3973	3974
3974	3975
3975	3976
3976	3977
3977	3978
3978	3979
3979	3980
2377	3980
2315	2377
2296	2313
2298	2299
3981	3982
3982	3983
3983	3984
2370	3984
2357	2370
2337	2357
2319	2320
2316	2319
2309	2316
2282	2309
2279	2282
2276	2279
2270	2276
3807	3809
3809	3810
3827	3837
203	228
185	203
3985	3986
3985	3988
3985	3987
3986	3987
577	3988
3988	3989
3992	3993
3993	3996
3993	3994
4037	4040
4078	4119
4062	4078
4078	4094
4068	4072
4058	4068
4058	4062
4054	4058
4047	4053
4047	4054
4039	4047
4110	4111
4102	4111
4102	4108
4073	4102
4065	4081
4081	4085
4085	4090
4056	4065
507	508
508	511
507	510
510	517
517	525
525	529
529	542
542	544
544	552
552	4112
4112	4114
4112	4113
4115	4116
582	4116
536	582
582	3994
2242	4117
2242	2258
2204	2242
2263	4055
4049	4055
4055	4067
4044	4067
4034	4044
4030	4034
4034	4041
2258	4114
589	4113
566	589
524	566
566	3990
4015	4020
4020	4024
4009	4020
4008	4009
4004	4008
4008	4016
3999	4004
3999	4007
3996	3999
4016	4019
4011	4016
2161	2164
2164	2168
2149	2157
2157	2166
2157	2161
2170	2176
2161	2170
2170	2175
2175	2177
2176	2177
4101	4118
4118	4119
4036	4039
4036	4046
4028	4036
4019	4024
4019	4023
4023	4026
4025	4026
4021	4027
4018	4021
4021	4025
2166	2196
2166	2186
2186	2221
2258	4120
547	4120
533	547
528	533
533	534
4001	4002
4000	4001
3998	4000
3997	3998
3995	3997
3994	3995
2231	2245
2231	2240
2197	2231
4007	4012
4012	4022
4022	4038
4038	4060
4060	4071
4086	4099
4088	4097
4086	4088
501	507
511	521
521	524
4064	4076
4076	4079
4079	4082
4082	4084
4051	4064
4046	4051
4051	4066
2163	2181
2181	2197
4023	4029
4029	4031
4031	4035
4035	4037
4032	4037
4025	4032
2174	2183
2171	2174
2167	2171
2156	2167
2167	2178
4027	4030
4041	4043
4043	4045
4045	4049
2251	2263
2244	2251
2223	2244
2201	2216
2195	2201
2187	2195
2180	2187
2163	2180
2160	2163
2155	2160
2148	2149
4101	4109
4109	4121
4108	4121
4059	4073
4052	4059
4046	4052
4063	4066
4057	4063
4048	4057
4048	4056
4042	4048
4048	4050
4050	4070
2216	4070
2216	2223
553	577
546	553
543	546
537	543
506	537
501	506
501	516
512	516
4122	4126
4122	4123
4123	4124
4124	4125
577	588
3989	3991
3989	3990
4127	4129
4129	4130
4130	4131
4130	4132
4131	4132
4127	4128
4126	4127
4049	4061
4061	4069
479	481
481	488
488	497
512	528
558	561
534	558
571	2221
2178	2221
2178	2197
2196	2204
571	4126
561	571
4133	4134
4134	4135
4135	4136
4100	4106
4097	4100
4066	4086
4007	4015
574	579
568	574
561	568
585	4141
4141	4142
4142	4143
580	585
556	580
497	512
512	536
4052	4077
4077	4087
4087	4093
4093	4095
4073	4095
4010	4014
4006	4010
4010	4013
4013	4014
2240	4006
4003	4006
4138	4139
4137	4138
4139	4140
4136	4137
4106	4136
2240	2252
2223	2252
2263	4144
2184	2213
2168	2184
4145	4147
4145	4146
4147	4148
4146	4149
4106	4149
2213	2236
2156	2169
2153	2156
488	494
494	501
497	499
499	500
500	503
503	504
504	505
505	509
509	513
513	514
514	531
514	545
4004	4005
4005	4015
4105	4107
4097	4105
545	548
545	551
548	550
548	551
531	536
536	556
569	573
556	569
569	576
573	576
2151	2153
2252	4150
4096	4104
4091	4096
4074	4091
4056	4074
4028	4042
4027	4028
4017	4018
4011	4017
4003	4011
3996	4003
549	565
531	549
4080	4101
4075	4080
4071	4075
4024	4033
559	562
534	559
4151	4153
4151	4152
4221	4224
4207	4221
4197	4207
4194	4197
4192	4194
4190	4192
4188	4190
4188	4189
4189	4195
4195	4196
4196	4198
4198	4211
4211	4222
4222	4223
3305	4223
3304	3305
3303	3304
3302	3303
3292	3302
3287	3292
3273	3287
3264	3273
3262	3264
3246	3262
3235	3246
3232	3235
3232	3233
3230	3232
4173	4184
4173	4175
448	4175
448	3241
3237	3241
3233	3237
3227	3230
3223	3227
3219	3223
3217	3219
3214	3217
3213	3214
3212	3213
3211	3212
3208	3211
3204	3208
3203	3204
4154	4157
4155	4158
4213	4215
4210	4213
4206	4210
4201	4206
4199	4201
4202	4203
4202	4204
4200	4202
4199	4200
4193	4199
4191	4193
4188	4191
4187	4188
4186	4187
4185	4186
4183	4185
4182	4183
4181	4182
4175	4181
4174	4177
4172	4174
4174	4176
4176	4178
4178	4179
4179	4180
4177	4180
4170	4172
3225	3228
3222	3225
3221	3222
3220	3221
3218	3220
3216	3218
3215	3216
3213	3215
3233	3256
3256	3272
3272	3274
3274	3279
3279	3288
3288	3289
3289	3295
3295	3296
3296	3306
3306	4155
4152	4155
4219	4220
4218	4219
4212	4218
4209	4212
4205	4209
4203	4205
4204	4214
4214	4217
4204	4208
4208	4216
3301	4216
3300	3301
3299	3300
3298	3299
3297	3298
3294	3297
3293	3294
3291	3293
3290	3291
3286	3290
3283	3286
3281	3283
3278	3281
3277	3278
3270	3277
3269	3270
3267	3269
3265	3267
3260	3265
3258	3260
3255	3258
3254	3255
3253	3254
3252	3253
3250	3252
3249	3250
3248	3249
3247	3248
3245	3247
3242	3245
3238	3242
3234	3238
3231	3234
3229	3231
3226	3229
3224	3226
3220	3224
400	402
402	411
411	414
414	3279
3228	3239
3239	3266
3263	3266
3259	3263
3251	3259
3244	3251
3240	3244
3236	3240
3228	3236
4153	4160
4166	4168
4168	4169
4166	4169
4165	4166
4165	4167
4163	4165
3283	3285
3284	3285
3282	3284
3280	3282
3276	3280
3275	3276
3271	3275
3268	3271
3261	3268
3257	3261
3243	3257
3230	3243
4171	4175
4170	4171
4167	4170
4161	4163
4156	4161
4152	4156
4152	4154
4154	4159
4159	4162
4162	4164
4164	4173
3833	3835
3823	3833
3835	3847
3847	3860
334	3860
306	334
255	277
277	284
277	300
275	282
282	287
286	287
275	286
271	275
268	271
264	268
268	279
272	279
262	272
262	264
255	262
4225	4227
4225	4226
4225	4228
3913	4228
3906	3913
3906	3917
3904	3906
4247	4251
4244	4247
4247	4249
4249	4252
4251	4252
4244	4250
4242	4244
2046	2054
2036	2046
2030	2036
2036	2042
245	250
245	246
241	245
284	297
297	303
303	315
315	331
331	3721
331	2142
2112	2121
2077	2112
2060	2077
2050	2060
2044	2050
2044	2052
2092	2103
2103	2110
2084	2103
2070	2084
2048	2070
3910	3921
3921	3991
3921	4333
4333	4334
3876	3882
3865	3876
3876	3880
3880	3885
3882	3885
3865	3879
3845	3865
3555	4335
3903	4335
323	347
347	3720
336	347
327	336
300	327
300	312
295	312
284	295
4241	4246
4237	4241
4241	4254
4261	4267
4256	4261
4254	4261
298	310
257	298
254	257
257	259
4254	4258
4258	4265
4265	4268
4268	4269
352	4269
4269	4273
2052	2058
2041	2052
292	306
253	292
242	253
238	242
238	240
243	248
248	261
261	269
273	281
281	290
339	2072
326	339
2069	2072
2064	2069
2057	2064
2039	2055
328	3889
3889	3894
3879	3889
3812	3823
351	2096
351	2145
337	351
290	337
290	326
2044	2054
2038	2044
2032	2038
2039	2047
2033	2039
4276	4284
4276	4282
4274	4276
4273	4274
308	317
317	352
278	288
288	308
259	278
2132	2144
2132	2136
2127	2132
2083	2127
352	4246
4253	4266
4240	4242
4237	4240
3868	3871
3856	3868
3868	3870
3870	3872
3871	3872
3856	3864
3855	3856
332	4336
308	332
4227	4233
4227	4229
4229	4230
4230	4231
343	4231
320	343
296	320
278	296
3807	3815
3815	3816
3816	3829
301	341
299	319
319	323
3718	3720
3718	3721
2130	2142
2142	2145
2085	2096
2051	2085
346	2085
326	346
3902	3904
3900	3902
3902	3905
3905	3909
3909	3912
3912	4228
314	323
307	314
282	307
250	255
2110	2123
2110	2113
3919	3922
3916	3919
3922	3923
3923	4337
4337	4338
3922	4338
3908	3916
4255	4262
4248	4255
4243	4248
4238	4243
4235	4238
4232	4235
4226	4232
2117	2131
2094	2117
2117	2125
2125	2130
4257	4260
4253	4257
4257	4263
4260	4263
4250	4253
3845	3855
2035	2041
2035	2040
2031	2035
2042	2045
2045	2051
2045	2048
2048	2053
2053	2056
2056	2059
2059	2067
2067	2075
3917	4255
3894	3900
3894	3907
2054	2061
2061	2090
2090	2120
2113	2120
2120	2126
4250	4259
4259	4264
4259	4264
260	266
250	260
2094	2096
2126	2140
2121	2126
2121	2128
2128	2137
2137	2144
2136	4339
4339	4340
4340	4341
2138	4341
4341	4342
2093	2106
2083	2093
2063	2074
2058	2063
2040	2043
4229	4236
296	311
311	325
325	338
338	4344
343	4344
2033	2034
2034	2037
2037	2051
2051	2064
299	301
283	293
246	283
240	241
240	244
240	243
4345	4346
2141	4345
2131	2141
2131	2143
4272	4275
4272	4282
4271	4272
4270	4271
4256	4270
4245	4256
4239	4245
4237	4239
4234	4237
4232	4234
335	4233
306	335
306	328
3891	3903
3879	3891
328	3879
256	265
256	3816
242	256
242	254
254	280
2129	2137
2088	2129
2074	2088
2074	2083
2780	2785
2761	2780
2780	2791
2787	2795
2779	2787
2808	2811
2811	2882
2877	2882
2877	2894
2860	2877
2817	4347
2816	2817
2797	2816
2878	2883
2871	2878
2817	2878
2870	2879
2870	2871
2869	2870
2765	2796
2712	2715
2712	2713
2711	2712
2872	2875
2864	2872
2872	2874
2874	2876
2875	2876
2807	2815
2807	2894
2864	2873
2863	2864
2864	2869
2885	2887
2882	2885
2885	2888
2887	2888
4348	4349
4348	4350
4349	4351
2808	4350
2889	2891
2882	2889
2889	2890
2890	2892
2891	2892
2783	2789
2788	2789
2783	2788
2782	2783
2764	2782
2755	2764
2746	2755
2744	2746
2741	2744
2738	2741
2738	2747
2727	2738
2793	2823
2857	2859
2857	2860
2852	2857
2814	2819
2819	2821
2793	2814
2774	2793
2774	2797
2770	2774
2763	2773
2763	2772
2761	2763
2785	2799
2747	2761
2715	2719
2715	2718
2871	2880
2771	2790
2756	2771
2771	2798
2779	2803
2726	2731
2731	2732
2732	2733
2733	2734
2721	2726
2721	2730
2718	2721
2800	2805
2804	2805
2800	2804
2779	2800
2772	2779
2717	2727
2714	2717
2717	2723
2723	2725
2725	2728
2722	2728
2720	2722
2718	2720
2795	2820
2808	4352
2795	2808
2860	2862
2862	2863
2757	2770
2752	2757
2750	2752
2740	2750
2737	2740
2730	2737
2730	2765
2756	2769
2742	2756
2742	2754
2727	2742
2822	4353
2765	2822
2765	2855
2751	2770
2747	2751
2772	2784
2866	2867
2863	2866
2867	2868
2798	2807
2713	2714
2710	2711
2709	2710
2708	2709
4354	4356
4354	4355
4355	4357
4356	4357
2795	4356
4358	4363
4358	4359
4359	4360
4360	4361
4361	4362
4362	4364
4374	4385
4385	4388
4388	4401
1862	1880
1834	1862
1806	1810
1803	1806
1822	1831
1803	1822
1835	1870
1870	1876
1044	1876
982	1044
977	982
1826	1829
2000	2012
1995	2012
4476	4477
2028	4477
4477	4478
4478	4479
4478	4481
4482	4488
4482	4485
4482	4483
4483	4485
4483	4484
4510	4511
4510	4512
4509	4510
4408	4421
4419	4435
4422	4437
4414	4422
4429	4436
4420	4429
4429	4440
4415	4424
4415	4420
4410	4415
4410	4413
4406	4410
4440	4445
4440	4446
4513	4515
4513	4514
4513	4516
4524	4527
4523	4524
3442	4524
4531	4536
4532	4536
4536	4544
4539	4544
4544	4546
4538	4547
4530	4538
4538	4548
4547	4553
4547	4561
1945	1951
1904	1945
1941	1945
1904	4631
1893	1904
2018	4578
2008	2018
2018	4580
4579	4580
4578	4579
4577	4578
1975	4575
1953	1975
1991	2006
1976	1991
1991	2010
2006	2013
2006	2021
3399	3406
3394	3399
3399	3403
3394	3401
3391	3394
3389	3391
3391	3393
3409	3414
3400	3409
3404	3409
3396	3404
3396	3397
3390	3396
3379	3390
3390	3392
3392	3400
3400	3402
3402	3407
3402	3405
4632	4633
4632	4634
4634	4635
3372	3383
3383	3387
3383	3385
3367	3372
3372	3374
1908	3438
1908	4697
3367	3378
3353	3356
3351	3353
3353	3355
3355	3357
3356	3357
3351	3354
3346	3351
3334	3335
3334	3336
3333	3334
3368	3370
3363	3368
3368	3380
3380	3382
3381	3382
3382	3385
3371	3373
3370	3371
3371	3381
3374	3381
2023	4638
2007	2023
2023	4636
4636	4637
4637	4638
1988	2007
2007	2024
2007	2020
1813	1823
1812	1813
1807	1813
1914	1915
1953	1961
1961	1970
3433	3446
3446	4557
3446	4539
4545	4557
4542	4545
4545	4554
4639	4640
4625	4627
4627	4628
4628	4629
4364	4367
4364	4365
4365	4366
4366	4390
4390	4394
4394	4396
4398	4404
4404	4411
4411	4412
4412	4426
4405	4426
4426	4439
4426	4444
4444	4459
1978	1984
1978	1995
1995	2014
1993	2014
2014	4654
4654	4655
4654	4657
4584	4587
1964	1971
1971	1993
1971	1978
1984	1987
4656	4658
4655	4656
2028	4657
4657	4661
4453	4468
4448	4453
4448	4455
4443	4448
4621	4622
4621	4623
4617	4621
4610	4617
4672	4673
4673	4674
4674	4675
1053	4675
4675	4676
4604	4608
4608	4619
4472	4608
3430	3443
3429	3430
3430	3442
3442	4682
3443	4682
4416	4418
4407	4418
4401	4407
4401	4405
1921	1924
1924	1927
1924	1940
1897	1940
1897	1943
1872	1897
4646	4650
2022	4650
4650	4652
4652	4653
4683	4684
4683	4687
4683	4685
4685	4686
4684	4686
4687	4688
1906	4690
1894	1906
1840	1847
1847	1859
1847	1864
3444	3445
3436	3444
3425	3436
1889	3425
3424	3425
3361	3362
3362	3364
3362	3369
3369	3387
1054	4681
1020	1054
1054	4676
4588	4593
4583	4584
4584	4589
4589	4592
2008	4589
4496	4500
4491	4496
4487	4491
4491	4497
3163	3168
3156	3163
3163	3170
3170	3178
3178	4693
953	954
954	955
961	962
958	962
959	965
959	961
951	959
985	1009
1003	1009
1009	1020
3423	3426
3420	3423
1926	1934
1934	1953
1930	1934
1934	1944
1944	1947
1943	1947
1864	1872
1843	1864
1830	1843
1819	1830
1811	1819
1819	1820
4439	4457
4457	4501
4494	4501
4497	4499
4499	4502
4497	4505
2025	4505
2009	2025
2004	4859
1981	2004
1834	1850
1823	1834
1028	1053
1020	1028
1921	1926
1926	1935
1935	1943
1918	1921
1912	1920
1920	1929
1929	1936
1936	1948
1948	1956
1956	1957
1957	1960
1977	1998
1977	1982
1960	1977
4694	4696
4694	4695
4696	4697
4697	4698
4698	4699
1891	4699
1891	4681
1925	1937
1922	1925
1915	1922
1922	1930
4565	4568
4552	4565
4568	4570
4550	4552
4552	4562
1895	4700
1869	1895
4504	4507
4502	4504
4494	4502
3434	3441
3424	3434
3434	3440
3440	3447
3447	4634
1889	4635
1839	1889
1944	1952
4701	4703
4473	4701
4701	4702
4702	4704
4703	4704
4470	4473
4473	4858
1993	2028
4479	4480
1972	1976
1969	1972
1972	1979
4379	4397
4397	4400
4393	4397
4393	4406
4384	4393
4527	4532
4532	4539
4526	4529
4526	4531
4525	4526
1814	1836
1814	1817
1809	1814
1960	1964
4661	4663
4663	4665
1981	2009
2009	4665
4531	4542
1999	2026
2026	4705
4705	4706
4706	4707
1985	1999
1999	2011
1979	1990
1990	2003
2003	4563
4556	4563
2016	4563
4708	4709
4470	4708
4709	4710
4710	4711
4458	4470
977	1003
951	977
977	995
995	999
995	1000
1000	1004
1004	1037
1037	1063
1063	4712
4712	4713
4713	4714
4714	4715
4715	4716
1876	1886
1836	1886
1825	1836
1831	1836
1817	1821
1821	1824
2019	4830
2002	2019
1996	2002
2002	2022
1003	1034
1856	1869
1818	1869
1818	1828
1816	1818
1899	1941
1873	1899
1857	1873
1827	1846
1846	1852
1846	1857
1846	1855
1855	1875
1875	4859
1850	1875
1895	1973
1973	1997
1970	1973
1970	1988
1988	1996
4645	4646
4644	4645
4643	4644
3441	4643
4642	4643
1985	2003
1976	1985
4411	4416
4416	4425
4425	4432
3420	3439
3416	3420
3415	3416
3411	3415
3411	3417
3397	3411
1978	2005
2005	2017
1987	2017
1987	2000
3408	3412
3397	3408
4667	4671
4667	4670
4666	4667
4666	4669
4669	4671
4668	4670
4666	4668
4665	4666
1816	1833
1808	1816
3439	4642
4641	4642
4640	4641
3441	4640
4370	4379
4370	4372
4369	4370
4369	4371
4368	4369
2000	4658
4658	4659
4659	4660
4660	4662
4662	4664
4463	4523
4520	4523
4520	4522
3361	3363
3363	3365
3365	3366
3366	3375
3375	3384
3384	3386
3385	3386
3374	3377
3376	3377
3373	3376
3349	3361
955	958
955	970
4625	4626
994	1021
989	994
983	989
980	983
976	980
965	976
965	985
1915	1916
1916	1919
4367	4374
4374	4380
4380	4386
4386	4391
4391	4399
4395	4399
4396	4398
4395	4396
4676	4677
4677	4678
3422	4678
4678	4679
4679	4680
4680	4681
1856	1884
1840	1856
3379	3388
3364	3379
1794	1796
1796	1800
1799	1800
1799	1803
1794	1798
1798	1802
1795	1798
1797	1799
1820	1827
1827	1841
1841	1850
1919	1923
1923	1933
1933	1939
1994	4831
1974	1994
4529	4541
4541	4543
4543	4549
4549	4556
2016	2027
2011	2016
1912	1928
4423	4438
4417	4423
4402	4417
4384	4402
4377	4384
4376	4379
4371	4376
4376	4377
4529	4542
1997	4832
4443	4454
4454	4458
4454	4606
4603	4606
4602	4603
4597	4602
1876	1896
1896	4840
1896	4833
4833	4834
4834	4835
4835	4836
4836	4837
4837	4838
4838	4839
4839	4840
1805	1815
1805	1808
1802	1805
4691	4692
4690	4691
4691	4692
4688	4690
1863	1887
1854	1863
1863	1874
1874	1877
1877	1879
1879	1890
1890	1898
1887	1898
1887	4840
4472	4611
4605	4611
4603	4605
4594	4597
4590	4594
4586	4590
4585	4588
4583	4585
4585	4586
4613	4615
4615	4616
4616	4622
4465	4619
4619	4620
4618	4620
4623	4625
4618	4623
1958	1981
1954	1958
1950	1954
1942	1950
1913	1942
1909	1942
1901	1909
1857	1901
1932	1941
1872	1893
4383	4389
4377	4389
1888	1900
1865	1888
1865	1881
1858	1865
4553	4560
4530	4534
4528	4530
4446	4451
4451	4465
4406	4409
4382	4383
4375	4382
4368	4375
4363	4368
4546	4557
2015	4841
4841	4842
4842	4843
4843	4844
4844	4845
2015	4845
2000	2015
4613	4618
4604	4613
4596	4604
4465	4846
4630	4846
4627	4630
4367	4373
4373	4381
4381	4387
4387	4395
4595	4600
4588	4595
4595	4599
4599	4601
4600	4601
4522	4527
4522	4525
4525	4528
4562	4571
4571	4572
4575	4577
4572	4575
1967	1974
1956	1967
4647	4648
4644	4647
4648	4649
4462	4463
4463	4471
4471	4474
4474	4521
4516	4521
4516	4520
4468	4475
4468	4469
4467	4469
4455	4467
4455	4462
3346	3347
3347	3350
3347	3352
3350	3352
3345	3346
3344	3345
3343	3344
958	968
1808	1840
4427	4431
4414	4427
4409	4414
4409	4443
4847	4848
3437	4847
4847	4849
4849	4850
4848	4850
3435	3437
3437	4527
4564	4567
4550	4564
4564	4566
4566	4569
4567	4569
4534	4550
1913	1917
2027	4851
2027	3439
3417	3424
3417	3419
3419	3421
4462	4475
1927	1931
1927	1932
4515	4518
4515	4517
4517	4519
4518	4519
4514	4520
3388	3395
3388	3389
3431	3439
1965	1969
1962	1965
1959	1962
1955	1959
1953	1955
4533	4537
4528	4533
4533	4535
4535	4540
4537	4540
1828	1839
1828	1842
1833	1842
1832	1833
3181	3336
3181	3341
3168	3181
3337	3338
3432	3438
3438	3448
4586	4591
4572	4573
4573	4574
4574	4576
4596	4607
4607	4610
4607	4609
4609	4612
4612	4614
1980	4614
1974	1980
1974	2008
4688	4689
3409	3416
4646	4651
1938	1946
1930	1938
1032	1056
1008	1032
985	1008
1907	1910
1905	1907
1881	1905
1881	1903
3358	3359
3354	3358
3359	3360
1866	1885
1860	1866
1849	1860
1837	1849
1825	1837
1809	1825
1831	1835
1903	4852
1882	1903
1871	1882
1837	1871
1801	1804
1804	1807
1804	1810
1810	1812
4486	4489
4485	4486
1812	1826
1826	1844
1838	1844
1823	1838
1848	1853
1845	1848
1838	1845
4492	4508
4489	4492
4484	4487
1932	1949
4434	4446
4434	4442
4430	4434
4420	4430
3418	3427
3413	3418
3418	3429
3429	3435
3349	3367
3387	3422
1040	1047
999	1040
4456	4464
4443	4456
4458	4461
4461	4472
4610	4624
1998	4624
1982	2001
2001	4494
4488	4494
4444	4447
4447	4450
4450	4452
4452	4460
4460	4466
4466	4512
4506	4509
4503	4506
4498	4503
4495	4498
4493	4495
4490	4493
4488	4490
1832	1858
1809	1832
3422	3428
3428	3432
3448	4852
1851	1858
1839	1851
3341	3342
3340	3341
3339	3340
3337	3339
3336	3337
4582	4583
4581	4582
4577	4581
4411	4428
4428	4441
4441	4449
4449	4457
4433	4449
4594	4598
4592	4596
3427	4456
3398	3413
3395	3398
3348	3349
3344	3348
3342	3343
1983	1986
1968	1983
1986	1989
1989	1992
1966	1968
1963	1966
1962	1963
4551	4558
4534	4551
4551	4555
4555	4559
4558	4559
4419	4433
4408	4419
4398	4408
4392	4403
4390	4392
1802	1809
3395	3410
3410	3431
3431	3433
1854	1883
1835	1854
1892	4853
1883	1892
4854	4856
4854	4858
4854	4855
4855	4857
4856	4857
1807	1811
1852	1861
1861	1868
1868	1878
1878	1894
1894	1902
1902	4859
3433	4556
4378	4383
4371	4378
1270	1284
1274	1284
1265	1274
1257	1265
1257	1271
1253	1257
1253	1260
1256	1260
1256	1263
1263	1270
4860	4861
2495	4860
1763	1764
1763	2436
1759	1763
2486	2491
2480	2486
2432	2434
2430	2432
2430	2437
2437	2440
2440	2452
2452	2480
2480	2495
4861	4862
4861	4863
2491	4863
2491	4862
4866	4867
4865	4866
4864	4865
4863	4864
4868	4869
4869	4872
4869	4870
1685	1695
1695	1704
1695	1716
795	1716
756	795
756	820
749	756
1644	1669
1637	1644
1644	1662
1662	4942
4942	4943
4942	4944
917	4945
4945	4946
4945	4947
4947	4950
1781	4950
1778	1781
1781	1790
1643	1676
1643	1689
1684	1689
1689	1693
1693	1702
1697	1702
1702	1706
784	801
801	4956
801	807
807	826
826	4953
741	744
744	749
744	789
789	825
1572	1573
1569	1572
1572	1586
1616	1625
1625	1627
1627	1636
1614	1627
1566	1574
1566	1591
1565	1566
1602	1616
1602	1609
1596	1602
1596	1600
1600	1609
1734	1741
1741	1749
1749	1766
1766	1787
1787	4954
4954	4955
1783	4956
1765	1783
1666	1673
1673	1768
1762	1768
1736	1762
1746	1759
1744	1746
1738	1740
1738	1739
1730	1738
1727	1730
1730	1731
1735	1737
1737	1741
1737	1753
1753	1773
1771	1773
1773	1778
1780	4973
1765	1780
1765	1787
1696	1697
1681	1694
1678	1681
1659	1664
1655	1659
1623	1655
1588	1655
1640	1653
1617	1640
1587	1617
1571	1587
4899	4900
4897	4899
4896	4897
4894	4896
4891	4894
4890	4891
4889	4890
4887	4889
4885	4887
4879	4885
4877	4879
4874	4877
4872	4874
4872	4873
4873	4876
4876	4878
4878	4880
4880	4882
4882	4884
4892	4893
4877	4892
4888	4892
4892	4895
4895	4898
1653	1657
1620	1634
1626	1634
4957	4958
4958	4959
1668	4959
2434	2436
2436	2439
2439	2443
2443	2455
1777	2455
1764	1777
1657	4898
1658	4898
1586	1596
1586	1593
1612	1629
1610	1612
1582	1612
1612	1638
1638	1663
1638	1658
1638	4893
4893	4895
1731	1732
1732	1739
1732	1733
1732	1754
1739	1758
1758	1786
1758	1761
1664	4960
2494	4960
2487	2494
1665	2487
820	827
820	1709
1558	1559
1559	1560
1559	1561
1561	1570
1742	1749
1734	1742
1742	1748
2478	2483
2483	2489
2489	2493
2493	2497
2497	2500
2496	2500
1664	2496
1722	1723
1721	1722
1720	1721
1719	1720
825	1711
825	1713
2479	2496
1279	1298
1270	1279
1270	1287
1278	1287
1275	1278
1266	1275
1258	1275
1256	1258
1247	1256
1239	1247
1239	1246
1246	1253
1271	4963
4961	4963
1293	4963
1274	1293
1274	1298
1266	1272
1735	1740
1729	1735
1727	1729
1729	1734
2434	2441
2441	2447
2447	2454
2454	2461
2461	2466
2466	2478
737	752
752	770
752	758
758	768
743	758
1590	1594
1582	1594
1582	1599
1587	1599
714	715
715	719
719	728
729	735
735	741
1619	1632
1632	1660
1622	1632
1616	1622
2478	2484
2479	2484
2479	2487
1624	1630
1607	1624
1607	1619
1597	1607
1600	1607
1589	1596
1569	1589
1589	1614
1583	1590
1576	1583
1570	1576
1570	1582
1570	1579
1571	1579
1754	1756
1756	1770
1733	1756
1728	1733
1755	4977
1745	1755
1741	1745
1784	1791
1672	1791
1791	2475
2473	2475
1789	2473
1784	1789
1785	1789
1694	1696
1696	1701
1701	1704
1704	1709
1679	1690
1679	1683
1679	1686
1686	1692
1683	1692
1692	1705
1698	1705
1705	1712
1705	1714
1714	1719
1713	1719
1663	4979
1663	4888
1715	1717
1709	1715
1707	1715
827	4973
4973	4974
798	811
811	4974
1571	1577
1577	1588
1573	1577
1573	1578
1584	1592
1581	1584
1584	1597
1597	1606
1606	1613
1613	1621
1645	1652
1652	1772
1772	1784
1757	1760
1751	1757
1687	1694
1684	1687
1678	1684
1760	1772
1752	1760
1750	1752
1747	1750
4884	4888
4884	4886
1631	1650
1650	1689
1678	1682
1682	1685
1295	1688
1680	1688
1688	1690
1691	1698
1683	1698
1698	1708
1759	1764
1764	1769
1769	1775
1775	1785
1777	1785
1674	4886
1649	1674
1674	4888
1648	1666
1666	4975
1668	4975
1660	1668
1647	1660
1636	1647
1636	1648
802	4974
1711	1716
1699	1711
1703	1711
1691	1703
1703	1713
1726	1731
1717	1734
1748	1765
4947	4952
902	925
925	4952
925	4977
1724	1727
1707	1710
1706	1707
1670	1707
1593	1600
1578	1595
1593	1595
1578	1580
1648	1670
1562	1565
1565	1569
1569	1571
2471	2474
2473	2481
1710	1718
1710	1717
827	1717
802	827
772	802
749	754
754	772
754	764
762	764
751	762
1621	1626
1621	1630
1630	1639
1639	1646
1646	1656
1656	1671
1685	1699
1677	1685
757	780
4875	4878
1582	1610
1610	1642
1642	1657
1272	1294
1294	1605
1591	1605
1591	1601
1591	1603
1603	1615
1615	1631
1601	1631
1631	1706
1728	1736
1736	1744
1736	1743
1669	1743
1626	1637
1626	1635
1759	1776
1770	1776
1754	1779
1779	1786
1740	1767
1761	1767
1767	1771
1790	4976
4976	4977
890	917
917	4952
1670	1706
772	778
778	791
791	798
770	798
1580	1588
1580	1581
1725	1728
1718	1725
1718	1724
1725	1726
1724	1726
1669	4943
1671	4944
1558	1563
1563	1568
1568	1575
1575	1585
1585	1590
1590	1628
1272	1288
1288	1295
1676	1680
1619	1646
1272	1601
1601	1604
1604	1611
1611	1618
1618	1643
1677	1683
1677	1691
2448	2450
2450	2462
2462	2463
2450	2463
1635	1641
1641	1645
1645	1667
1667	1751
1747	1751
1744	1747
1651	1672
1661	1672
1635	1661
1629	1649
1628	1629
1633	4883
4881	4883
4875	4881
4881	4886
2474	2481
4870	4871
4871	4875
1298	1558
1560	1564
1564	1567
1567	1571
890	902
841	890
4946	4948
4948	4949
4949	4951
1792	4951
1788	1792
1782	1788
1774	1782
1761	1774
1691	1699
1665	2475
1654	1665
1651	1654
1623	1651
1620	1623
1608	1620
1598	1608
1592	1598
728	729
729	732
732	753
753	757
812	822
797	812
786	812
776	786
785	807
775	785
759	775
768	775
767	776
771	776
759	771
747	759
784	785
784	793
770	793
761	770
754	761
718	721
721	737
721	722
715	716
768	784
734	743
734	747
737	743
737	751
4980	4981
4980	4982
4988	4993
4980	4988
5003	5020
5020	5026
5026	5047
5047	5051
5051	5071
5071	5078
5098	5099
5098	5120
5131	5144
5144	5174
5211	5218
5216	5218
5216	5217
5217	5219
5219	5231
5231	5262
5282	5310
5310	5322
5322	5329
1542	1543
1544	1546
1546	1549
913	924
898	913
884	898
863	871
858	863
854	858
5334	5335
5334	5337
5337	5339
5339	5342
5342	5348
5348	5353
5353	5356
5356	5357
5357	5365
4799	5365
4784	4799
4778	4784
4771	4778
4763	4771
4756	4763
4754	4756
717	718
718	746
746	779
779	809
809	5203
792	809
722	723
723	725
725	730
730	739
739	777
777	781
781	796
796	799
799	808
808	819
5171	5181
819	5181
5161	5171
5141	5161
5141	5176
5176	5197
5197	5200
5194	5200
5175	5194
5190	5213
5186	5190
5203	5215
5203	5463
5141	5203
5176	5452
5452	5453
814	818
799	814
814	816
816	823
818	823
5200	5456
5453	5456
5456	5458
5453	5454
777	787
787	5215
5463	5464
5384	5387
5387	5400
5387	5407
5397	5407
5381	5397
5415	5417
5417	5418
5139	5150
5138	5139
5139	5152
5152	5163
5163	5168
5168	5182
5182	5185
747	763
763	767
763	806
806	817
817	5156
5150	5154
5154	5156
5198	5207
5192	5198
5189	5192
5163	5189
5116	5123
5116	5134
5114	5116
5123	5141
5466	5467
5466	5468
5466	5470
4755	4769
4753	4755
4755	4757
4776	4785
4776	4781
4773	4776
5537	5538
5538	5541
5538	5539
5318	5326
5259	5270
5272	5276
5253	5272
5251	5253
5093	5253
5083	5545
5083	5093
5069	5083
5146	5157
5157	5167
5157	5172
5546	5547
5090	5547
5547	5548
716	717
767	797
797	815
815	824
945	5556
928	945
918	928
5204	5557
5204	5210
5558	5559
4827	5559
5559	5560
5481	5484
5476	5481
5477	5481
5474	5477
5469	5474
5468	5469
5129	5138
5138	5148
5148	5160
5143	5160
5132	5143
5119	5132
5108	5119
5108	5115
5100	5108
5418	5433
5418	5442
5442	5566
5140	5179
5127	5140
5140	5151
5151	5165
5135	5147
5123	5135
5567	5568
5568	5569
5409	5569
5409	5428
5428	5431
5400	5431
5431	5445
5105	5107
5107	5112
5054	5058
5058	5079
5058	5073
5073	5094
5471	5476
5471	5473
5473	5478
5478	5482
5482	5485
5485	5492
5492	5496
5496	5498
942	5498
942	5519
938	942
5570	5571
5085	5570
5570	5572
5572	5578
5085	5578
5075	5085
5492	5494
5494	5497
5497	5499
4760	4761
4753	4760
4761	4764
4751	4753
4811	4826
4826	5564
4826	5686
886	926
926	5619
5618	5619
5618	5620
5620	5622
909	5622
895	909
889	895
895	915
4745	4746
4746	4747
4745	4748
4748	4750
4750	4752
4752	4759
4759	4768
4768	4775
4775	4789
4789	4821
4821	5624
5624	5625
5625	5626
5626	5627
5627	5628
5628	5629
5629	5630
5630	5631
5631	5632
5632	5633
5633	5634
5634	5635
5635	5636
941	5636
854	941
5467	5471
5468	5479
5087	5092
5074	5084
5512	5515
5515	5520
5515	5518
5518	5522
5522	5532
5529	5532
5521	5529
5511	5521
4828	5521
5554	5555
5552	5554
5551	5552
5209	5552
5637	5638
944	5640
944	5688
911	944
5237	5244
5227	5237
5237	5245
5244	5245
5224	5227
5223	5224
5223	5229
5221	5223
5011	5023
5005	5011
5003	5005
4993	5003
5003	5097
1541	1547
1540	1541
5204	5641
5504	5507
5502	5504
5502	5506
5506	5507
5500	5502
5499	5500
4782	4796
4780	4782
4782	4798
910	916
903	910
872	903
5183	5191
5191	5193
5191	5204
5210	5642
928	5642
845	894
5142	5153
5131	5142
5142	5149
5149	5155
5153	5155
5125	5131
5099	5100
5099	5101
5101	5103
5103	5104
5104	5110
5118	5122
5122	5130
5130	5136
5120	5130
4983	4989
4989	4991
5074	5087
5065	5087
5053	5065
5065	5066
858	867
867	879
885	938
5510	5514
5509	5511
4810	4828
4828	5676
5643	5644
5644	5645
5644	5648
5029	5038
5029	5036
5019	5029
5246	5267
5240	5246
5246	5250
5356	5358
5368	5376
5376	5382
4788	5382
4762	4773
4758	4762
4751	4754
4754	4758
5638	5639
5158	5171
5156	5183
5078	5413
5389	5413
5388	5389
5388	5405
5405	5426
5426	5438
5438	5653
5653	5654
5654	5655
5655	5656
5413	5434
5432	5434
5402	5432
5393	5402
5385	5393
5367	5385
5358	5367
5358	5368
5368	5410
5385	5410
5410	5648
4829	5475
5470	5472
5472	5475
5472	5480
5480	5490
5490	5491
5491	5493
5493	5495
4829	5495
4822	4829
4822	5479
4810	4822
4983	4990
4980	4983
5657	5659
5657	5658
5658	5660
5660	5663
889	5660
5660	5661
5661	5662
5662	5664
939	5662
4999	5002
4999	5014
4991	4999
5514	5516
5514	5519
5315	5319
5300	5315
5315	5321
5321	5324
5319	5324
5300	5318
5289	5300
927	5665
905	927
5225	5230
5220	5225
5225	5228
5228	5232
5230	5232
5220	5222
868	886
862	868
852	862
842	852
838	842
837	838
5120	5125
5125	5128
5128	5159
5159	5166
5571	5575
5571	5573
5573	5574
5574	5576
5577	5580
5576	5577
5596	5601
5601	5608
5608	5612
5254	5257
5257	5261
5261	5264
5248	5254
5236	5247
5235	5236
5233	5235
5231	5233
5381	5415
5329	5381
5372	5381
5366	5372
5360	5366
5355	5360
5352	5355
5351	5352
5350	5351
5347	5350
5343	5347
5341	5343
5340	5341
5341	5345
5666	5667
5329	5667
919	5668
919	921
877	919
5429	5435
5415	5429
5384	5409
5362	5384
5475	5479
4809	4811
4787	4809
4809	4814
4814	4817
4817	4820
4811	4820
5097	5543
5542	5543
5541	5542
5539	5544
5539	5540
901	905
866	893
866	880
845	866
893	901
901	908
908	934
934	5615
5613	5615
5615	5617
5669	5670
5441	5670
5427	5441
5416	5427
5407	5416
5548	5549
5549	5551
5549	5550
939	5694
922	939
5136	5137
5136	5146
5167	5188
5188	5209
5250	5259
5242	5250
5231	5242
5598	5607
5607	5609
5607	5611
5671	5672
924	5672
924	1549
853	854
839	853
5006	5009
4994	5006
5006	5010
5010	5013
5009	5013
4994	4995
4985	4994
5562	5565
5561	5562
5562	5563
5240	5251
5251	5255
5255	5263
5263	5277
5277	5287
5211	5287
5174	5211
5305	5309
5309	5311
5309	5311
5262	5283
5262	5282
5271	5274
5248	5271
5247	5248
1542	1551
1551	1554
5086	5137
5022	5044
5022	5043
5018	5022
5007	5018
4995	5007
4982	4985
5318	5331
5283	5289
5289	5296
5199	5202
5202	5208
5121	5127
5118	5121
5110	5118
5612	5613
5608	5610
5112	5133
5133	5166
5133	5195
915	5659
915	940
5179	5199
5179	5212
5212	5673
871	884
884	923
885	923
879	885
5369	5373
5369	5371
5348	5369
5576	5582
5582	5586
5088	5586
5038	5088
5038	5049
5229	5243
5218	5221
5335	5336
5336	5338
5338	5340
5301	5327
5301	5303
5294	5303
5285	5294
5279	5285
5259	5279
5044	5069
5022	5046
5046	5080
5080	5096
5096	5199
1549	1550
1550	1552
1552	1553
1553	1555
1555	1556
907	1556
900	907
900	937
882	900
5296	5312
5296	5305
5651	5652
5650	5651
5649	5650
5647	5649
5646	5647
5645	5646
4823	5645
4777	4779
4766	4777
4757	4766
4766	4780
871	882
5282	5301
5150	5187
5187	5201
5201	5674
5674	5675
4736	4737
4737	4738
4738	4739
4739	4740
4740	4741
4741	4742
4742	4743
4743	4744
4744	4745
4747	4749
4749	4751
4798	4806
4806	4810
5676	5678
5678	5682
921	5682
869	877
834	835
832	834
831	832
5117	5124
5110	5117
5082	5089
5064	5082
5039	5064
5064	5075
872	889
4807	4819
4819	5649
4773	4791
4780	4787
5283	5298
4813	4815
4815	4818
4816	4818
4813	4816
4803	4813
4787	4803
4803	4805
931	933
920	931
933	943
894	920
920	929
5049	5054
5049	5070
5587	5591
5591	5596
5591	5598
5061	5609
5054	5061
835	869
835	843
843	860
860	893
4758	4772
4772	4774
4770	4774
4767	4770
4765	4767
4757	4765
857	878
857	892
841	857
5036	5039
5575	5585
5585	5589
5589	5593
5593	5595
5595	5600
930	5600
919	930
914	5115
912	914
880	897
837	845
831	837
831	836
844	856
856	872
940	5639
940	4978
4977	4978
5129	5158
5135	5158
5305	5325
5001	5019
5001	5004
4990	5001
5687	5688
4996	4998
4991	4996
5580	5587
5587	5597
5597	5599
5603	5604
5596	5604
5486	5487
5486	5488
5483	5486
5487	5489
5487	5488
5478	5483
5060	5074
5184	5196
5234	5239
5226	5234
5234	5238
5238	5239
5239	5241
5170	5173
5162	5170
5173	5178
5145	5162
5134	5145
5145	5164
5598	5605
5043	5057
5043	5059
5059	5077
5077	5550
5091	5550
5069	5091
822	5699
894	918
918	5201
5361	5362
5361	5364
5364	5378
5378	5403
5403	5439
5439	5447
5340	5344
5344	5346
5346	5354
5354	5359
5359	5375
5375	5380
5380	5419
5419	5422
5422	5443
5095	5443
5078	5095
5026	5042
5226	5240
5222	5226
5217	5220
5053	5060
5040	5053
5014	5040
5014	5025
861	864
859	861
844	859
840	844
5256	5268
5266	5268
5260	5266
5256	5260
5247	5256
5599	5603
5599	5602
5602	5606
5603	5606
5508	5510
5510	5513
5513	5517
5517	5524
4804	4824
4791	4804
4804	4807
5175	5186
5134	5175
5111	5114
5109	5111
5105	5109
5100	5105
897	912
906	912
839	847
847	855
855	879
5047	5055
5055	5067
5067	5544
5535	5536
5535	5536
5526	5535
5523	5526
5349	5351
5351	5361
5048	5445
5031	5048
5027	5031
5012	5027
4997	5012
4981	4997
4985	4992
4992	5000
5000	5008
5008	5017
5017	5035
5035	5041
5041	5050
5050	5062
5062	5700
936	5700
906	936
897	906
5214	5701
5701	5702
5702	5703
5703	5704
5214	5704
5206	5214
5206	5209
5174	5206
5080	5184
5180	5184
5165	5180
5165	5169
5169	5177
5076	5177
5057	5076
5057	5063
836	846
846	848
848	849
849	850
836	840
4993	5025
4787	4797
4805	4825
4825	5683
5680	5683
5679	5680
5677	5679
5590	5594
5588	5590
5590	5592
5592	5594
5580	5588
929	5675
872	887
883	887
875	883
874	875
851	874
851	870
840	851
1545	1548
881	888
876	881
891	896
888	891
865	876
855	865
5508	5509
5509	5512
5520	5525
5525	5527
911	5527
869	911
5100	5102
5102	5106
5106	5113
5113	5129
5093	5553
5551	5553
5694	5697
5689	5694
4801	4802
4800	4801
4797	4800
4791	4797
824	904
886	904
886	899
899	932
932	946
5705	5706
5706	5707
946	5707
5708	5709
5709	5710
5086	5710
5063	5086
5002	5004
5004	5015
5015	5024
5024	5034
5028	5034
5019	5028
870	873
5063	5090
5039	5045
5045	5052
5052	5056
5056	5068
5068	5081
5081	5711
5711	5712
5712	5713
5066	5713
5060	5072
5072	5097
4786	4790
4783	4786
4786	4793
4793	4794
4790	4794
4781	4783
4781	4788
5250	5290
4788	4792
4792	4795
5688	5689
5689	5690
5690	5691
5691	5692
5692	5693
5693	5695
5695	5696
5696	5698
5373	5388
5371	5377
5377	5392
5392	5714
5499	5501
5501	5503
5503	5505
5505	5508
5614	5616
5613	5614
5115	5126
5579	5581
5575	5579
5579	5583
5583	5584
5581	5584
5619	5621
5621	5623
5715	5716
5715	5717
946	5717
916	922
4799	4808
5002	5016
5016	5021
5030	5033
5017	5030
5030	5032
5032	5037
5033	5037
824	5718
5718	5719
5719	5720
4984	4986
4981	4984
4986	4987
4807	4812
4812	4823
4823	4827
5560	5561
5563	5564
5685	5686
5684	5685
5681	5684
5531	5533
5533	5534
5531	5534
5530	5531
5528	5530
5523	5528
5519	5523
4717	4718
4718	4719
4719	4720
4720	4721
4721	4722
4722	4723
4723	4724
4724	4725
4725	4726
4726	4727
4727	4728
4728	4729
4729	4730
4730	4731
4731	4732
4732	4733
4733	4734
4734	4735
4735	4736
5721	5723
5721	5722
5722	5724
4092	5724
4089	4092
4083	4089
4060	4083
4092	5758
492	496
489	492
484	489
482	484
479	482
520	530
530	555
519	530
538	557
538	541
530	538
3935	3936
3936	3938
3938	3941
3938	3939
3914	3944
3943	3944
3944	3947
3947	3950
554	3947
541	554
5759	5760
5760	5761
575	5761
5761	5762
5765	5766
5765	5767
570	587
5737	5739
5732	5737
5737	5740
5740	5742
5723	5725
5725	5731
5725	5726
575	5732
539	575
518	539
515	518
492	515
496	502
502	520
555	581
3907	3910
581	3907
3907	3911
3628	3629
3628	3633
3618	3628
3615	3618
3604	3615
3604	3607
3601	3604
5748	5750
5745	5748
5744	5745
5745	5746
3599	3601
3601	3608
3608	3610
3610	3617
3617	3620
3620	3624
3624	3629
3613	3633
3612	3613
3673	3953
3951	3953
3948	3951
3945	3948
3941	3945
3939	3943
3607	3614
3614	3616
3616	3619
3619	3622
3607	3612
3662	3663
3661	3662
3662	3668
3668	3685
5763	5764
3683	5764
3685	5764
3665	3675
3660	3665
3665	3672
3623	3632
3632	3638
3632	3647
3647	3650
3650	3655
3640	3650
3682	5768
5768	5769
5769	5770
5770	5771
3623	3630
3630	3639
3639	3645
3639	3640
5762	5763
3671	3683
3658	3671
3658	3670
3634	3636
3636	3649
3636	3648
3676	5741
5739	5741
5726	5732
5727	5729
5726	5727
5727	5728
5728	5729
5729	5730
3682	5772
3672	3682
3652	3654
3635	3652
3627	3635
3611	3627
3631	3637
3611	3631
3631	3634
3950	3954
3950	3952
3952	3956
3579	3594
3594	3596
3596	3599
3599	3611
3675	3677
3675	3680
3680	3962
3961	3962
3960	3961
3959	3960
3958	3959
3957	3958
3956	3957
3954	3956
3954	3955
586	3955
584	586
578	584
567	578
541	567
3903	3914
581	3914
3613	3623
3623	3626
3642	3645
3643	3645
3656	3660
3677	3943
3903	3908
3637	3643
3637	3642
3642	3657
3657	3659
3659	3661
572	3663
563	572
563	570
560	563
540	560
532	540
523	532
502	523
3672	3679
570	5773
3685	5774
3685	5775
5775	5776
5776	5777
3686	5777
3684	3686
3681	3684
3678	3681
3674	3678
3669	3674
3666	3669
3663	3666
3667	3673
3641	3667
3638	3644
3638	3641
3626	3643
3649	3658
3658	3664
3664	3676
3676	5746
5744	5747
5747	5749
5749	5751
5756	5757
5755	5756
5754	5755
5753	5754
5752	5753
3644	3655
3655	3656
3641	3646
3646	3651
3651	3656
5743	5744
5738	5743
5736	5738
5735	5736
5734	5735
5733	5734
5731	5733
3908	3911
3911	5767
3915	5767
3908	3915
5778	5780
3685	5778
5778	5779
5779	5781
5780	5781
518	527
482	483
483	485
485	486
486	487
487	490
490	493
493	495
495	498
498	519
519	522
522	526
526	564
564	583
583	3991
3918	3920
3910	3918
564	5782
3799	5783
3792	3799
3776	3784
3773	3776
3776	3785
130	132
132	135
135	142
142	151
3693	3694
3693	3695
3691	3693
4910	4911
4909	4910
4907	4909
4906	4907
4905	4906
4904	4905
4903	4904
4901	4903
4901	4902
4900	4901
4908	4912
4902	4908
4970	4972
4968	4970
4968	4971
4965	4968
3800	5784
4926	4927
4925	4926
4925	4930
4930	4931
4930	4932
5785	5787
5785	5789
5785	5786
5786	5788
5787	5788
5789	5790
5789	5791
5792	5794
174	195
174	179
169	174
148	150
145	148
148	152
152	155
150	155
140	145
4912	4913
4913	4914
4914	4915
4915	4916
4916	4917
4917	4919
3795	4919
3766	3773
3757	3766
3754	3757
3738	3749
3749	3754
3739	3746
3738	3739
5796	5797
5797	5798
5798	5799
5799	5800
5800	5801
5801	5802
5802	5803
5803	5804
218	5804
198	218
196	198
178	196
158	178
158	166
166	176
176	181
181	189
171	189
2105	2111
2092	2105
2105	2109
2109	2115
2111	2115
2075	2092
3770	3793
3793	4343
3793	3800
3800	5818
3788	3795
3795	5819
5819	5820
3805	5820
3779	3789
3777	3779
3767	3777
3764	3767
3706	3711
3705	3706
3705	3715
5821	5822
5822	5823
5823	5824
2134	5825
5824	5825
5826	5830
5826	5827
5827	5828
5828	5829
5829	5832
5832	5833
5833	5834
3746	3750
3750	3752
3736	3750
3729	3736
3725	3729
3729	3733
3778	3783
3769	3778
3765	3769
3769	3772
3769	3775
3775	3781
3784	3788
3784	3794
3794	3802
3802	5835
5835	5836
3803	5836
3789	3803
3696	3700
3700	3703
3703	3714
3742	3744
3740	3742
2079	3742
2075	2079
2075	2094
3707	3710
3710	3712
3712	3716
2143	3748
3748	3753
3744	3748
3788	3790
3785	3790
3790	3792
3792	3798
3798	4933
4931	4933
4932	4934
4934	4935
4935	4936
4936	4938
4938	4939
234	4939
233	234
224	233
3785	3797
3797	3801
3801	5790
5791	5792
5792	5793
5793	5795
234	5795
212	224
207	212
197	207
197	204
171	197
3755	3756
3747	3755
206	3755
3759	3761
3756	3759
3759	3763
3763	3765
3768	3772
3760	3768
3754	3760
5804	5805
5805	5806
5806	5807
5807	5808
5808	5809
5809	5810
5810	5811
5811	5812
5812	5813
5813	5814
5814	5815
5815	5816
5816	5817
3761	3762
219	5837
3699	3701
3701	3704
3701	3702
3698	3699
3699	3702
3704	3707
3707	3708
3708	3709
3709	3713
3734	3738
3731	3734
3717	3731
3714	3717
165	171
160	165
165	179
157	169
142	157
2143	3716
3716	3718
3714	3719
3719	3722
3722	3730
3758	3770
2146	3770
3745	3746
3728	3745
3725	3728
3717	3725
3730	3740
2140	3730
2140	2146
3733	3735
2146	3735
178	4941
4940	4941
4937	4940
4935	4937
4962	4964
4964	4965
2139	5824
5830	5831
2134	5830
4342	4343
3752	3758
3738	3741
3741	3747
204	206
146	160
131	146
130	131
126	130
3766	3771
3771	3780
3780	3786
3786	3796
3791	3796
3787	3791
3782	3787
3774	3782
3764	3774
3758	3764
147	158
140	147
133	140
130	133
4928	4929
4927	4928
4924	4925
4923	4924
4922	4923
4921	4922
4920	4921
4918	4920
4916	4918
3719	3724
3724	3727
3727	3735
3735	3743
3743	3751
3751	3758
3789	3805
3789	3804
3804	5838
5838	5839
3732	3741
3732	3737
204	219
219	229
229	3711
3697	3705
3696	3697
3694	3696
3695	3698
329	3702
299	329
3805	5840
5840	5841
5841	5842
3726	3732
3723	3726
3717	3723
689	695
677	689
689	695
5843	5844
5843	5845
5845	5847
5846	5847
1330	1337
1472	1474
1469	1472
1466	1469
1463	1466
1462	1463
1460	1462
1462	1490
1490	1494
1494	1495
1423	1424
5857	5858
5858	5859
703	5858
1129	1158
1158	1170
1158	1178
1114	1123
1109	1114
1114	1129
4301	4304
4318	4324
1096	1101
1081	1096
1096	1105
1128	1144
1128	1134
1112	1128
1184	5865
1179	1184
5864	5865
1179	5901
1173	1179
4330	4331
4327	4330
1174	4327
4317	4327
5866	5867
5867	5868
1174	5867
5868	5872
5868	5869
1155	6081
1126	1155
1142	1155
1312	1319
1319	1323
1323	1328
1328	1348
1301	1348
1232	1238
1238	1240
1240	1254
1254	1261
704	1379
1351	1379
1379	1395
691	1395
1237	1249
1232	1237
1237	1244
1249	1255
1250	1255
1243	1250
1242	1243
1230	1242
1217	1230
1230	1235
1438	1439
1182	1533
1182	1449
1144	1182
1470	1473
1473	1482
1482	1484
1484	1485
1485	1488
691	1407
668	691
691	5856
5855	5856
5854	5855
5853	5855
1492	1505
2091	2134
4323	4326
4318	4323
4315	4318
4314	4315
4313	4314
4311	4313
4307	4311
4302	4307
4302	4305
4292	4302
5873	5874
5873	5875
5873	5876
666	682
682	684
662	682
1191	1216
1191	1209
1197	1209
1209	1222
1354	1358
1358	1371
1368	1371
1326	1349
1349	1368
1349	1351
243	247
247	258
247	251
251	267
263	267
1383	1399
1286	1399
5879	5880
707	5879
5880	5881
696	707
683	696
673	683
673	706
650	673
690	1401
1286	1401
1366	1401
1461	1471
1458	1461
1444	1445
1445	1447
1444	1460
1455	1460
1529	1531
1506	1529
1092	1103
1080	1092
1092	1099
1099	1104
1104	1112
1112	1151
1151	1172
1144	1172
1150	1172
1111	1118
1118	1120
1118	1127
1127	1136
1120	1143
1143	1161
1115	1143
1079	1115
701	1115
1438	1440
1437	1438
1432	1437
1437	1442
1432	1446
1443	1446
1446	1450
1351	1353
1309	1315
1307	1309
5882	5883
1536	5883
1180	5883
4288	4295
672	4295
4295	4298
4298	4301
4301	4303
4303	4306
4306	4309
644	659
659	664
664	665
644	649
630	644
1157	1164
1164	1165
1154	1164
1154	1163
1145	1154
2043	2055
2043	2062
2062	2076
2076	2104
2104	2108
1281	2108
2100	2108
2049	2066
2066	2081
2066	2080
627	629
629	636
629	637
637	669
669	686
1366	1375
1375	1377
1377	1386
1386	1392
704	1392
657	704
1147	1150
1150	1442
1206	1215
1215	1219
1201	1215
1193	1201
1201	1218
2081	2100
2081	2091
2041	2049
1297	1305
1267	1297
1297	5884
1289	5884
1283	1289
1289	1302
621	627
627	667
636	645
598	600
596	598
594	596
596	599
594	610
593	594
681	4289
681	4284
655	681
4286	4289
676	4286
4278	4286
2204	2229
2229	4317
4292	4300
4300	4317
313	4284
313	663
304	313
294	304
258	294
249	258
258	263
263	276
269	273
269	276
2139	4965
2100	2139
566	4332
4281	4292
605	607
607	614
607	616
616	626
634	646
646	651
651	654
654	658
658	670
670	680
345	685
680	685
353	685
342	353
330	342
316	324
305	316
291	305
285	291
285	345
276	285
1235	1301
1235	1252
1252	1282
1282	1300
1280	1300
1267	1280
1245	1267
1267	1314
1353	1364
1353	1357
1357	1361
1361	1389
1389	1391
1391	1394
1394	1407
1394	1409
324	330
330	350
340	350
340	344
324	340
2086	2098
2080	2086
2080	2100
1175	5885
1175	1180
1166	1175
4296	4297
4293	4296
4297	4299
4288	4293
4285	4288
652	668
668	675
675	693
693	5852
5850	5852
5848	5850
5844	5848
5843	5846
5846	5849
5849	5851
1416	5851
1407	1416
1290	1296
1236	1296
1296	5886
5886	5887
5887	5888
2114	5888
705	2114
2101	2114
1125	1152
1152	1156
1134	1152
1129	1147
1489	1506
1480	1489
1471	1480
1480	1487
1420	1487
1410	1420
1408	1410
1402	1408
1388	1402
244	249
244	252
2078	2095
1290	2078
2068	2078
2095	2102
2102	2107
680	688
687	688
663	687
611	663
1094	1098
1087	1094
703	1094
1394	1397
1397	1413
345	5896
1120	1146
1102	1126
1102	1113
1100	1102
1113	1119
1119	1122
1122	1130
1139	1141
1133	1139
349	5890
333	349
324	333
1149	1157
1145	1157
1141	1145
1406	1411
1392	1406
1374	1392
1368	1374
1333	1354
1327	1333
1333	1340
1340	1345
1338	1345
1331	1338
1322	1331
1322	1326
1315	1322
1225	1228
1225	1239
1221	1225
1214	1221
1210	1214
1208	1210
1202	1208
1196	1202
1193	1195
1195	1196
1190	1193
1186	1190
1187	1191
1076	1081
1081	1087
1105	1110
4312	4319
4308	4312
4312	4332
620	652
652	657
652	662
1409	1414
1414	1418
1418	5891
1412	5891
1408	1412
2055	2073
2055	2065
1220	1223
1223	1226
1506	1521
1506	1528
4290	4291
4280	4290
4279	4280
4275	4279
4279	4281
1107	1140
1103	1107
1199	1205
1194	1199
1189	1194
1189	1192
1188	1189
4965	4966
4966	4967
4967	4969
1277	4969
1277	1281
1268	1277
4305	4308
4308	4320
4320	4322
4322	4325
4325	4329
1204	1224
1224	1234
1224	1227
1227	1231
1231	1251
1251	1269
1269	1299
1299	1383
1381	1383
1364	1382
1382	1384
1170	1430
1170	1521
1132	1170
1431	1443
1443	1448
1291	1381
1291	1370
1222	1291
1098	1109
1098	1106
5874	5877
1183	5874
1176	1183
1183	5878
1321	1327
1315	1321
1181	5877
1165	1171
1130	1149
1141	1149
1228	1233
1228	1241
1241	1248
1248	1268
2091	2119
2106	2119
2106	2118
2118	2133
2133	2138
2138	5831
667	701
1070	1071
1071	1074
1074	1080
1074	1076
2049	2083
1415	5892
2047	2099
2047	2057
1191	1204
1204	1222
678	692
692	694
694	699
678	686
661	678
1292	2073
1285	1292
1292	5893
1281	5893
1212	1213
1213	1220
1207	1213
1192	1207
1188	1200
4289	4294
2119	5831
1171	1177
1163	1171
1163	1169
1131	1135
1111	1131
1135	1137
1100	1111
1290	5889
5887	5889
700	708
686	700
708	709
686	697
1262	1276
1262	1290
1216	1262
1216	1229
1200	1216
1068	1069
1069	1073
1069	1072
1072	1078
1078	1095
1075	1078
1449	1452
1452	1453
1453	1456
1442	1449
1206	1211
1219	1240
1450	1459
1451	1455
1196	1198
1198	1206
1203	1218
1218	1232
1369	1372
1362	1369
1356	1362
1343	1356
1339	1343
1317	1324
1313	1318
1312	1313
1424	1427
1422	1424
1426	1428
1428	1429
1428	1430
1328	1344
1355	1363
1363	1367
1367	1373
604	608
608	612
612	615
615	617
617	622
622	628
1525	5894
1525	1536
1525	5895
1436	1441
1431	1436
1436	1448
1448	1451
1200	1205
1197	1203
1197	1217
1068	1075
1073	1077
1071	1073
1125	1167
1103	1125
1217	1249
1217	1245
1222	1245
661	674
653	661
697	5860
1534	5860
5859	5860
1384	1396
1384	1388
1511	1538
1503	1511
1511	1513
5862	5863
5861	5862
5859	5861
1521	5861
2062	2073
5896	5897
679	5896
671	679
666	671
660	666
5898	5899
698	5899
645	698
619	643
643	655
1177	1181
1169	1177
5852	5854
5849	5853
655	676
1076	1089
657	705
677	705
662	677
635	662
635	656
620	635
616	635
645	653
1075	1079
1536	5900
703	1132
1109	1132
1229	1234
1234	1264
1344	1365
1344	1355
290	5897
1186	1203
1077	1084
1084	1095
1084	1090
1088	1090
1083	1088
1082	1083
1077	1082
1385	1388
1380	1385
1359	1380
1346	1359
1341	1346
1334	1341
1325	1334
1320	1325
1318	1320
1354	1370
1354	1366
1366	1381
656	660
648	656
614	620
4281	4285
640	649
621	630
597	621
1378	1390
1372	1378
1252	1259
1259	1273
1273	1283
1302	1316
1311	1316
1307	1311
1307	1312
1095	1103
1355	1376
1434	1435
1433	1434
1430	1433
1310	1314
1304	1310
1441	1444
1429	1431
1220	1285
1276	1285
2065	2068
2065	2071
2071	2082
2082	2095
2099	2107
2099	2101
2101	2116
2116	2122
2122	2124
2124	2135
684	2135
684	5897
639	648
611	618
610	611
610	619
5901	5902
5902	5903
5903	5904
1156	1173
1229	1236
1447	1454
1447	1458
4283	4287
4277	4283
4275	4277
1512	1519
1492	1512
1492	1498
1458	1468
1458	1491
1308	1311
1306	1308
1305	1306
249	274
318	321
302	318
318	322
321	322
302	5896
603	609
599	603
632	633
623	632
632	638
638	642
633	642
623	624
606	623
273	289
289	302
5905	5906
672	5905
5906	5907
650	672
640	650
624	640
601	606
597	601
597	604
595	597
4317	4332
1086	1091
1080	1086
1091	1093
1169	1176
1176	1181
1478	1481
1470	1478
1468	1470
1468	1479
1479	1483
1467	1476
1476	1486
1486	1492
1498	1502
1498	1501
1498	1503
1513	1525
1156	1166
1079	1100
1079	1085
2057	2087
2087	2097
2089	2097
2097	2116
1534	5908
1516	1534
1442	1459
5876	5878
1117	1133
1117	1124
1116	1117
5869	5870
5869	5871
5870	5871
1148	1174
1126	1148
1148	1153
1153	1159
1159	1162
1162	1168
1168	5909
5909	5910
5910	5911
5911	5912
706	5912
674	703
1514	1516
1509	1514
1493	1509
1487	1493
1301	1700
1326	1332
1332	1342
1342	1360
1360	1364
653	5899
604	613
1471	1475
1515	1532
1508	1515
1502	1508
1501	1504
1504	1518
1518	1524
1524	1533
1533	5913
676	702
1464	1477
1457	1464
1451	1457
641	647
624	641
1113	1121
1121	1138
1138	1142
1142	1160
1130	1160
1329	1330
1329	1335
1324	1329
1324	1330
1330	1336
1335	1347
1347	1355
5914	5915
674	5915
1429	1432
1108	1116
1097	1108
1085	1097
593	595
599	602
602	605
657	690
1264	1286
1205	1212
1226	1233
4321	4328
4316	4321
4310	4316
4305	4310
1336	1350
1336	1339
1339	1350
1350	1352
2072	2089
103	111
86	95
79	86
59	63
5313	5316
5308	5313
5313	5320
5320	5323
5316	5323
2615	5316
5291	5293
5293	5295
5293	5299
5297	5299
5291	5297
5288	5291
5275	5278
5278	5280
5278	5284
5281	5284
5275	5281
5273	5275
5252	5258
5249	5252
5252	5269
5265	5269
5249	5265
5243	5249
5916	5917
5386	5391
5383	5386
5386	5394
5394	5396
5922	5923
2610	5923
5923	5925
5363	5370
5370	5374
5374	5379
5379	5390
5390	5406
5406	5430
101	5430
98	114
83	98
5919	5921
5920	5921
5918	5920
5917	5918
5917	5919
5450	5919
5449	5450
5945	5946
2600	2614
2588	2600
2583	2588
2588	2595
5205	5460
5186	5205
2604	2622
2580	2586
2579	2580
2563	2569
2557	2563
2540	2548
2548	2550
2548	2557
5454	5455
5455	5457
5412	5414
5414	5424
5414	5420
5420	5425
5411	5425
5401	5411
5391	5401
2557	2566
2566	2568
2566	2572
5258	5273
5258	5286
5286	5292
5292	5304
5304	5307
5307	5314
5314	5328
5328	5949
5949	5950
5950	5951
5951	5952
2611	5952
2608	2611
2611	5990
5307	5317
5330	5333
5317	5330
5333	5947
5947	5948
5436	5446
5446	5959
5421	5424
5421	5423
5412	5421
5928	5933
5933	5938
5953	5954
5953	5955
5955	5958
5958	5959
5959	5969
5449	5969
5437	5449
2602	5462
2589	2602
2602	2609
2618	5462
2596	2618
2590	2596
2596	2608
90	100
88	90
5938	5940
5938	5941
5464	5465
2604	5465
2604	5457
2571	2604
2556	2571
2545	2556
2543	2545
2540	2543
2536	2540
2592	2594
2586	2592
2579	2590
2569	2579
93	101
101	116
116	5448
5423	5448
5404	5412
5979	5981
5975	5979
99	5979
5957	5961
5956	5957
5956	5960
5954	5956
5986	5987
5333	5987
103	5988
87	103
5976	5985
5984	5985
87	5985
5930	5934
5934	5936
5934	5943
5943	5944
5971	5973
5973	5974
5964	5971
5971	5975
5302	5308
5308	5332
5317	5332
5925	5928
5925	5929
5433	5444
5433	5437
5424	5436
5436	5444
2561	2569
2556	2561
2570	2582
2562	2570
2553	2554
2554	2574
2554	2562
5444	5451
5451	5989
5280	5288
5295	5302
99	5984
5975	5984
2574	2578
2574	2581
2577	2581
2562	2577
5924	5926
5923	5924
5924	5927
5927	5931
5931	5932
5928	5932
5459	5461
5459	5460
5457	5459
2547	2552
2552	2555
2555	2565
109	2565
102	109
85	102
85	91
91	99
5976	5978
5978	5983
117	5983
107	117
94	107
107	113
64	67
61	64
59	61
50	59
5399	5404
5404	5408
5398	5408
5396	5398
5390	5396
2578	2587
2578	2583
2550	2553
2550	2559
2534	2536
5292	5306
5395	5399
5391	5395
5379	5383
2598	2610
5926	5942
5926	5930
5964	5976
5981	5982
5980	5981
5977	5980
5972	5977
5968	5972
5964	5968
5961	5964
5460	5462
2559	2567
85	2567
5939	5940
5937	5939
5935	5937
5930	5935
84	93
81	84
76	81
72	76
68	72
65	69
65	68
62	65
58	62
56	58
54	56
50	54
37	50
113	5962
88	94
83	88
68	83
93	113
5960	5962
2607	5954
2598	2607
2587	2598
2595	2605
2605	2615
2615	5946
5946	5947
2616	5948
2608	2616
5213	5990
2586	2589
2609	2613
2613	5457
5960	5966
77	85
67	77
2601	2603
2599	2601
2595	2599
2561	2575
2575	2585
2585	2593
75	79
79	87
73	75
71	73
70	71
69	70
2615	5991
5437	5440
5961	5963
5963	5965
5965	5967
5967	5970
94	97
97	106
106	5992
2576	2590
2568	2576
2560	2572
2553	2560
1124	5993
5993	5994
6002	6021
2203	2217
2198	2200
2200	2203
2259	6077
2259	6079
2256	2259
6078	6079
6013	6017
6011	6013
6013	6019
6011	6015
6010	6011
6006	6008
6006	6009
6005	6006
2182	2193
2162	2182
2182	2188
2188	2205
2192	2206
2179	2192
2192	2207
2207	2220
2207	2215
2215	2228
2215	2254
2254	2257
2249	2254
2179	2194
6083	6084
6083	6087
6083	6085
2189	2199
2165	2189
2189	2202
6049	6053
6047	6049
2238	6049
6041	6048
6041	6047
6035	6041
6035	6046
6032	6035
6032	6037
6029	6032
6023	6027
6023	6024
6018	6023
6018	6025
6016	6018
6016	6022
6014	6016
6007	6012
6007	6014
6002	6007
2190	2199
2199	2233
2162	2165
6014	6026
6026	6028
6030	6036
6028	6030
6030	6034
6034	6040
6040	6042
6000	6004
6000	6003
5998	6000
5997	5998
5995	5997
5995	6002
5994	5995
6024	6029
6029	6050
6045	6050
6050	6052
2211	2224
2224	2235
2235	2246
2246	2253
2234	2253
2234	2237
2191	2234
6057	6059
6056	6057
6057	6058
6058	6063
6063	6068
6072	6073
2159	2179
2179	2208
2208	2210
2208	6020
6036	6045
6036	6051
6081	6082
6080	6081
2238	2261
2209	2238
6097	6098
6098	6099
6099	6100
6100	6101
2250	6101
6101	6102
2250	2260
2239	2250
6061	6067
6061	6064
6060	6064
6060	6065
6059	6060
6054	6056
6052	6054
6028	6031
6031	6038
6039	6043
2219	2230
2219	2227
2193	2219
2163	2190
2255	2264
2227	2255
2227	2233
2193	2209
2190	6096
6094	6095
6093	6094
6094	6096
6065	6066
6047	6061
6020	6024
2249	6019
2237	6001
6019	6020
6009	6010
6004	6005
6075	6076
6074	6075
6071	6074
2260	6071
6069	6071
6079	6080
2243	2256
2232	2243
2225	2232
2222	2225
2218	2222
2211	2218
2158	2172
6033	6038
6038	6039
6070	6072
6069	6072
6067	6069
6095	6096
4096	4098
4098	4103
4103	6086
6085	6086
6085	6089
6089	6091
6091	6092
6090	6092
6087	6090
6087	6088
6088	6093
2158	2173
2173	2191
2173	2185
2185	2198
2203	2211
2233	2247
2260	6103
6052	6062
2202	2214
2202	2212
6067	6070
6045	6055
6039	6044
2255	2262
2262	6104
2150	2152
2152	2154
2209	2239
2152	2158
5999	6001
5996	5999
5994	5996
