21     23
21     22
2     23
2     22
2     21
2     20
2     19
2     18
2     17
2     16
2     15
2     14
2     13
2     12
2     11
2     10
2     9
2     8
2     7
2     6
2     5
2     4
2     3
10     23
10     22
10     21
10     20
10     19
10     18
10     17
10     16
10     15
10     14
10     13
10     12
10     11
18     23
18     22
18     21
18     20
18     19
3     23
3     22
3     21
3     20
3     19
3     18
3     17
3     16
3     15
3     14
3     13
3     12
3     11
3     10
3     9
3     8
3     7
3     6
3     5
3     4
11     23
11     22
11     21
11     20
11     19
11     18
11     17
11     16
11     15
11     14
11     13
11     12
19     23
19     22
19     21
19     20
8     23
8     22
8     21
8     20
8     19
8     18
8     17
8     16
8     15
8     14
8     13
8     12
8     11
8     10
8     9
16     23
16     22
16     21
16     20
16     19
16     18
16     17
1     22
1     21
1     20
1     19
1     18
1     17
1     16
1     15
1     14
1     13
1     12
1     11
1     10
1     9
1     8
1     7
1     6
1     5
1     4
1     3
1     2
9     23
9     22
9     21
9     20
9     19
9     18
9     17
9     16
9     15
9     14
9     13
9     12
9     11
9     10
17     23
17     22
17     21
17     20
17     19
17     18
6     23
6     22
6     21
6     20
6     19
6     18
6     17
6     16
6     15
6     14
6     13
6     12
6     11
6     10
6     9
6     8
6     7
14     23
14     22
14     21
14     20
14     19
14     18
14     17
14     16
14     15
22     23
7     23
7     22
7     21
7     20
7     19
7     18
7     17
7     16
7     15
7     14
7     13
7     12
7     11
7     10
7     9
7     8
15     23
15     22
15     21
15     20
15     19
15     18
15     17
15     16
4     23
4     22
4     21
4     20
4     19
4     18
4     17
4     16
4     15
4     14
4     13
4     12
4     11
4     10
4     9
4     8
4     7
4     6
4     5
12     23
12     22
12     21
12     20
12     19
12     18
12     17
12     16
12     15
12     14
12     13
20     23
20     22
20     21
5     23
5     22
5     21
5     20
5     19
5     18
5     17
5     16
5     15
5     14
5     13
5     12
5     11
5     10
5     9
5     8
5     7
5     6
13     23
13     22
13     21
13     20
13     19
13     18
13     17
13     16
13     15
13     14
